8310009
10000010
2003389
2003820
2004028
2004400
2004035
230002
230000
3000077
3000076
230003
230004
230001
210002
230006
230005
1001591
2001762
2001228
2001761
2001219
210003
210001
222000
222001
200000
210000
220000
222002
222013
222006
221004
222009
221000
222003
222016
3000049
3000047
221001
3000048
3000082
3000058
3000068
3000083
3000008
3000069
3000009
3000010
3000084
3000017
3000016
3000015
3000045
3000046
3000018
3000050
3000055
3000051
3000054
3000052
3000053
3000057
3000062
3000059
3000060
3000064
3000063
3000061
3000029
3000030
3000031
3000034
3000032
3000033
3000036
3000035
3000038
3000037
3000040
3000039
3000073
3000072
3000074
3000075
3000005
3000004
3000070
3000003
3000012
3000071
3000014
3000011
3000013
3000078
3000079
3000081
3000080
3000042
3000041
3000043
3000044
3000119
3000122
3000123
30097844
30101863
30101869
30101870
30101871
30105589
30105591
30105593
30105590
30106138
30105594
30106939
30106940
30106974
30106938
30107045
30106975
30106976
30107073
30107074
30110627
30110629
30110752
30110745
30110754
30110753
30110758
30110760
30110759
30110774
30110770
30112527
30113985
30113986
30113987
30113989
30113990
30114014
30113988
30114013
30109408
30109404
30109405
30109406
30109407
30109409
30109410
30109411
30110771
30110772
30110744
30105584
30110743
30110773
30105587
30107046
30107072
30105582
30107047
30105586
3000108
30105583
3000109
3000113
3000110
3000112
3000111
3000116
3000114
3000117
3000115
3000086
3000118
3000085
3000088
3000087
3000090
3000089
3000092
3000091
3000094
3000093
3000120
3000095
3000121
3000096
3000098
3000097
3000099
3000102
3000103
3000100
3000101
3000105
3000104
3000106
3000107
30114015
30114016
30115732
30114017
30114018
30115731
30115733
30115860
30118542
310000
310001
310002
310003
310004
310006
310008
310007
310010
310005
310009
310014
310011
310013
310012
310015
310017
310016
3700003
3700002
3700001
3600005
3600002
3700000
3600000
3600001
3200000
3200001
3200002
3400002
3400000
3600006
3400001
3600007
3600008
3600009
3600014
3600011
3600010
3600013
3600015
3400033
3400034
3400032
3400035
3400037
3400036
3400039
3400038
3600017
3600016
3400040
3600018
3600019
3400049
3400050
3400051
3400055
3400058
3400056
3400057
3600020
3600021
3600022
3400061
3600023
3600024
3400063
3400062
3400064
3400065
3400066
3400067
3400069
3400068
3600027
3600030
3600028
3600029
3600031
3600033
3400070
3400071
3400073
3400072
3400074
3600035
3600011A
3600036
3400075
3600038
40000015
4000007
4000027
4000057
4000058
4000059
4000060
4000046
4000044
4000041
4000001
4000045
4000047
4000042
4000048
4000020
4000049
4000023
4000021
4000043
4000024
4000018
4000019
4000004
4000054
4000055
4000022
4000052
4000026
4000039
4000056
4000040
3800000
3700004
3800001
3700015
3700005
3700006
3700007
3700008
3700014
3700011
3700013
3700016
3700012
3700018
3700020
3700017
3700019
3700026
3700021
3700022
3700025
3700035
3700036
3700039
3700038
3700037
3700041
3700040
3700044
3700045
3700043
3700047
3700046
3700048
3800002
3700042
3800003
3700051
3700049
3700052
3700055
3700056
3700066
3700053
3700054
3700067
3700065
3700064
3700070
3700069
3700072
3700071
3700074
3700077
3700079
3700075
3700083
3700085
3700080
3700084
3700021A
3700022A
3800004
3700088
3700089
3700090
3700091
3700092
4000063
4000061
4000062
4000065
4000064
4000074
4000118
4000119
4000125
4000126
4000155
4000156
4000205
4000207
4000157
4000206
4000248
4000280
4000260
4000402
4000647
4000646
4000716
4000914
4000915
4000954
4000953
4000952
4000955
4000956
4000957
4000958
4000959
4000960
4000961
4000973
4000975
4000985
4000974
4000086
4000087
4000090
4000089
4000088
4000092
4000091
4000094
4000066
4000067
4000093
4000095
4000224
4000068
4000128
4000223
4000228
4000227
4000085
4000158
4000072
4000071
4000073
4000129
4000208
4000070
4000226
4000261
4000262
4000225
4000127
4000130
4000416
4000117
4000643
4000417
4000415
4000409
4000412
4000411
4000410
4000414
4000413
4000493
4000492
4000491
4000494
4000495
4000496
4000842
4000843
4000845
4000844
4000846
4000848
4000648
4000847
4000649
4000651
4000650
4000849
4000986
4000987
4000988
4000989
4000990
4000991
4001000
4001002
4001045
4001047
4001001
4001044
4001048
4001051
4001052
4001053
4001054
4001057
4001055
4001056
4001058
4001059
4001060
4001061
4001062
4001063
4001064
4001065
4001066
4001068
4001069
4001076
4001077
4001078
4001101
4001102
4001103
4001128
4001127
4001126
4001129
4001131
4001130
4001133
4001134
4001135
4001140
4001141
4001136
4001137
4001142
4001144
4001143
4001145
4001146
4001147
4001149
4001148
4001152
4001150
4001151
4001154
4001153
4001155
4001156
4001157
4001158
4001159
4001160
4001162
4001163
4001164
4001161
4001165
4001166
4001167
440001
440002
500003
500005
500006
500002
50002436
600000
540001
600001
600010
600070
600071
60093662
60093673
60093675
600003
600011
600007
500001
500000
600050
600008
600063
60093677
620001
60097481
620006
70051322
620007
70000023
70000025
70000026
70000027
70000054
70000035
70000057
70000036
70000055
70000058
70000059
70051272
70051296
70051282
70051280
70051186
70051183
70051187
70051188
70052279
70051192
70051189
70052280
700019
70051284
620000
70051289
70051294
70051257
70051316
700017
700016
70051195
70051242
70051191
70051297
700007
70051285
700009
70051260
70051243
620004
70051235
70051253
70051256
70051321
620003
70051305
610000
70051241
610001
610003
610002
700008
700010
70051184
700022
70051197
70051201
70051185
70051202
70051203
70051236
70051237
70051244
70051245
70051239
70051246
70051250
70051249
70051254
70051255
70051259
70051261
70051266
70051264
70051270
70051271
70051273
70051275
70051274
70051278
70051286
70051287
70051291
70051295
70051292
70051303
70051298
70051313
70051314
70051306
70051315
70052278
70059708
70059730
70059738
70059737
70059734
70059743
70059741
70059727
70059718
70059715
70059740
70059720
70059732
70059721
70059722
70059674
70059683
70059686
70059697
70059691
70059700
70059703
70059676
70059680
70052281
70052282
70052287
70052285
70052305
70052303
70052658
70052656
70052657
70052663
70052664
70052665
70052666
70052294
70052296
70052286
70052299
70052297
70059619
70059585
70059586
70056728
70056730
70059757
70059713
70059744
70059746
70059666
70059760
70059584
70059758
70056726
70059677
70059706
70056729
70059729
70059684
70059580
70059582
70052293
70052304
70052662
70052667
70052672
70052668
70059669
70052669
70059672
70059678
70059673
70059675
70059679
70059682
70059689
70059693
70059692
70059688
70059694
70059698
70059704
70059707
70059702
70059712
70059719
70059717
70059739
70059724
70059736
70059735
70059733
70059745
70059747
70059753
70059749
70059755
70059759
70060462
70060469
70060526
70059764
70060470
70059843
70059855
70060471
70060472
70060474
70060475
70060473
70060476
70060477
70060479
70060478
70060480
70060481
70060482
70060484
70060416
70060425
70060483
70059836
70059839
70059961
70060427
70060088
70059965
70059966
70059956
70059952
70059967
70059955
70059958
70059968
70059954
70059957
70059972
70059969
70059953
70059963
70059962
70059777
70059847
70059762
70059959
70059856
70059775
70059778
70059765
70059763
70059776
70059832
70059849
70059848
70060454
70059831
70060457
70059846
70059845
70059854
70060429
70060430
70060428
70060432
70060431
70060434
70060433
70060435
70060438
70060437
70060436
70060439
70059770
70059771
70059767
70059768
70059772
70059779
70059780
70059783
70059782
70059785
70059781
70059834
70059838
70059835
70059852
70059960
70059844
70059964
70060087
70059970
70060417
70060418
70059971
70060426
70060463
70060468
70062097
70062267
70061791
70061789
70061792
70061790
70061974
70062320
70061884
70061993
70061885
70061986
70062063
70062337
70062336
70062089
70062064
70062318
70062090
70061793
70062079
70061794
70061817
70061819
70061822
70061818
70061821
70061820
70061770
70061771
70061984
70061772
70062059
70062114
70061981
70061932
70061928
70062150
70061969
70061988
70062058
70062049
70061877
70062051
70061927
70061780
70061779
70061781
70061782
70061783
70061784
70061879
70061787
70061788
70061786
70061785
70062044
70062048
70062060
70061775
70061774
70061773
70061878
70061776
70062149
70061778
70061777
70061872
70062152
70062258
70061970
70062151
70061985
70061882
70061886
70061880
70061881
70061883
70061982
70061887
70062046
70062056
70062057
70062065
70062066
70062088
70062092
70062116
70062117
70062260
70062262
70062259
70062263
70062264
70062265
70062268
70062266
70062269
70062319
70062340
70063116
70062929
70062593
70062597
70062354
70062425
70062426
70062364
70062428
70062508
70062356
70062861
70062887
70062348
70063133
70062892
70062359
70062959
70062975
70062484
70062360
70062978
70062358
70062594
70062987
70062468
70062988
70062955
70062500
70062595
70062469
70062345
70062349
70062344
70062353
70062350
70062361
70062365
70062343
70062367
70062430
70062366
70062503
70062432
70062504
70062506
70062507
70062514
70062592
70062598
70062691
70062775
70062692
70062776
70062780
70062779
70062781
70062778
70062777
70062783
70062782
70062785
70062786
70062794
70062793
70062797
70062795
70062903
70062796
70062956
70062960
70062957
70062961
70062962
70062973
70062993
70062980
70063090
70062984
70062986
70063101
70063091
70063103
70063102
70063114
70063113
70063115
70063118
70063120
70063119
70063122
70063117
70063121
70063123
70063124
70063126
70063125
70063127
70063135
70063131
70063779
70064109
70064110
70063453
70063452
70063933
70063922
70063736
70063137
70063370
70063364
70063267
70063373
70063375
70063136
70063139
70063945
70063944
70063947
70063948
70063946
70063949
70063761
70064182
70064181
70063401
70063399
70063141
70063972
70063397
70063962
70063971
70063963
70063973
70063964
70063185
70063184
70063212
70063213
70063194
70063186
70063221
70063222
70063214
70063195
70063196
70063203
70063223
70063204
70063205
70063230
70063950
70063232
70063231
70063951
70063965
70063952
70063967
70063966
70063968
70063969
70063974
70063970
70063976
70063975
70063977
70063978
70063262
70063980
70063263
70063264
70063266
70063151
70063150
70063138
70063155
70063153
70063170
70063240
70063343
70063344
70063348
70063345
70063347
70063352
70063374
70063349
70063368
70063398
70063400
70063763
70063405
70063764
70063762
70063778
70063771
70063780
70063784
70063783
70063785
70064784
70064785
70064798
70064800
70065882
70064801
70065145
70065883
70065146
70065884
70064802
70065147
70065296
70065295
70064864
70065297
70064275
70064276
70064309
70064814
70064818
70064816
70064815
70064312
70064799
70064748
70064817
70064819
70064749
70064750
70064751
70064813
70064786
70064184
70064752
70064183
70064185
70064187
70064186
70065613
70064303
70064304
70064188
70064305
70064307
70064306
70064776
70064780
70064308
70064779
70064783
70064787
70064781
70064782
70064789
70064791
70064790
70064788
70064792
70064793
70064892
70064863
70064866
70064933
70064934
70064935
70064936
70064937
70065623
70065625
70065610
70065624
70065626
70065627
70065629
70065628
70065631
70065632
70065630
70065634
70065635
70065633
70065638
70065636
70065640
70065637
70065639
70065642
70065643
70065641
70065645
70065644
70065647
70065646
70065650
70065879
70065651
70065880
70065649
70065881
70065891
70065892
70065893
70065900
70065901
70065907
70065902
70065910
70065909
70065919
70065918
70065911
70065920
70065928
70065929
70065930
70066023
70065976
70066611
70066004
70066300
70066378
70066380
70066381
70066379
70066382
70066383
70066372
70066373
70066374
70066375
70066377
70066384
70066376
70066386
70066385
70066389
70066387
70066390
70066388
70066392
70066393
70066391
70066394
70066395
70065885
70066288
70065886
70065887
70065888
70065890
70065889
70065894
70065895
70065896
70065899
70065898
70065897
70065905
70065903
70065908
70065904
70065906
70065912
70065913
70065915
70065914
70065917
70065922
70065916
70065921
70065924
70065923
70065925
70065926
70065931
70065933
70065932
70065973
70066005
70065975
70066006
70066007
70066008
70066009
70066010
70066011
70066012
70066096
70066222
70066444
70066566
70066567
70066568
70066610
70066569
700666610
700666620
700666630
700666640
70068353
70068268
70068363
70068354
70068355
70068372
70068362
70068364
70068371
70068373
70068380
70068389
70068382
70068381
70068391
70068390
70068399
70068400
70068398
70069448
70067873
70067877
70067874
70067876
70067875
70067878
70069072
70067893
70067894
70069018
70069449
70068973
70068974
70069447
70068976
70068975
70068977
70068978
70068980
70068979
70069043
70068981
70069044
70069046
70069045
70069047
70069048
70069050
70069049
70066690
70069017
70069051
70066698
70066700
70066702
70066713
70066701
70066718
70066721
70066730
70066720
70066699
70066719
70066731
70067889
70067891
70067895
70067892
70067911
70067912
70067910
70067913
70068265
70068264
70068266
70068267
70068270
70068269
70068971
70068972
70068271
70069007
70069008
70069009
70069010
70069012
70069027
70069016
70069024
70069015
70069030
70069064
70069028
70069065
70069066
70069067
70069070
70069068
70069069
70069071
70069450
70069452
70069547
70069541
70069548
70069482
70069540
70069475
70069695
70070253
70069682
70070254
70073000
70073001
70076150
70076153
70071676
70071677
70070912
70070894
70070895
70070913
70069480
70069578
70069543
70069546
70069557
70069545
70069554
70069544
70069555
70069702
70069553
70069542
70070863
70070864
70070865
70070866
70070868
70070867
70069701
70069692
70069661
70069713
70069660
70069658
70070004
70070003
70070005
70070006
70070009
70070008
70069451
70069659
70069584
70069585
70069583
70069581
70069586
70069587
70081385
70081386
70069707
70069700
70069699
70069481
70069549
70069556
70069558
70069579
70069577
70069582
70069588
70069473
70069476
70069483
70069478
70069599
70069559
70069604
70069605
70069614
70069613
70069616
70069615
70069617
70069672
70069673
70069676
70069678
70069679
70069681
70069698
70077838
70070742
70069697
70072115
70069675
70079766
70075033
70087788
70087789
70087792
70087790
70087791
70087793
70087794
70087796
70087799
70087795
70087797
70087798
70087800
70087802
70087803
70087801
70087805
70087804
8090132
8090133
8090427
8090136
8090101
8090111
8090094
8090419
8090135
8090418
70082269
8090713
70085180
8090404
70082364
8090304
8090108
75031439
75031440
75031441
75031495
75031472
75031497
75031473
75031496
75031499
75031498
75031500
75031535
75031537
75031538
75031536
75031539
70089712
75031540
70089714
70089721
70089716
70089741
70087897
70087890
70087893
70087901
70089745
70087894
70081388
70081387
70081391
70081390
70081389
70081392
70081393
70081394
70081396
8090090
70081395
8090091
8090092
8090093
8090098
8090097
8090095
8090096
8090099
8090100
8090102
8090104
8090103
8090105
8090107
8090106
8090128
8090109
8090129
8090127
8090130
8090131
8090309
8090134
8090420
8090611
8090612
8100011
8100012
8100087
8100086
8100088
8100090
8100089
8100091
8100092
8100093
8100000
8100002
8100001
8100023
8100022
8100050
8100024
8100084
8100055
8100049
8100056
8100057
8100058
8100060
8100061
8100059
8100062
8100063
8100066
8100065
8100064
8100067
8100068
8100069
8100071
8100070
8100072
8100073
8100074
8100075
8100076
8100077
8100080
8100078
8100079
8100082
8100083
8100085
8100081
8100013
8090735
8091717
8091348
8091001
8100010
8091341
8090985
8091342
8091151
8091152
8091345
8100008
8091346
8091157
8090972
8091220
8091150
8091158
8091347
8090984
8090983
8090744
8090745
8091147
8091148
8090973
8100025
8090920
8090922
8091162
8091160
8091159
8100053
8091161
8100054
8100004
8100003
8100007
8100006
8100005
8090921
8091124
8090923
8090986
8091333
8091349
8091415
8100009
8100052
8100051
8100094
8100095
8100096
8100113
8100099
8100097
8100101
8100100
8100102
8100098
8100103
8100104
8100105
8100107
8100110
8100109
8100111
8100106
8100112
8100115
8100116
8100114
8100119
8100118
8100117
8100120
8100122
8100121
8100123
8100124
8100125
8100127
8100128
8100130
8100126
8100129
8100132
8100131
8100133
8100134
8100135
8100138
8100136
8100139
8100143
8100140
8100137
8100144
8100145
8100146
8100147
8100149
8100148
8100150
8100152
8100151
8100153
8100154
8100155
8100156
8100160
8100157
8100159
8100158
8100161
8100162
8100164
8100163
8100166
8100165
8100167
8100173
8100169
8100168
8100174
8100175
8100177
8100176
8100178
8100179
8100180
8100181
8100183
8100184
8100182
8100185
8100186
8100187
8100188
8100190
8100189
8100191
8100192
8100193
8100195
8100194
8100196
8100142
8100141
8100108
8100335
8100336
8100337
8100338
8100339
8100341
8100342
8100340
8100344
8100343
8100346
8100345
8100347
8100348
8100350
8100353
8100351
8100352
8100354
8100356
8100359
8100357
8100361
8100362
8100363
8100373
8100374
8100375
8100376
8100370
8100378
8100197
8100379
8100200
8100199
8100198
8100205
8100204
8100206
8100208
8100207
8100212
8100210
8100211
8100214
8100209
8100213
8100215
8100216
8100219
8100218
8100217
8100220
8100221
8100223
8100222
8100225
8100224
8100226
8100227
8100229
8100230
8100228
8100240
8100241
8100251
8100255
8100256
8100258
8100257
8100260
8100259
8100263
8100262
8100261
8100264
8100265
8100267
8100266
8100268
8100271
8100269
8100270
8100273
8100272
8100274
8100275
8100276
8100277
8100278
8100280
8100279
8100234
8100235
8100236
8100237
8100238
8100239
8100242
8100243
8100415
8100416
8100418
8100417
8100419
8100420
8100421
8100422
8100423
8100424
8100425
8100426
8100427
8100428
8100430
8100431
8100429
8100433
8100435
8100434
8100438
8100432
8100380
8100437
8100381
8100382
8100436
8100383
8100384
8100385
8100386
8100387
8100389
8100392
8100388
8100391
8100390
8100393
8100395
8100394
8100397
8100396
8100399
8100398
8100400
8100401
8100402
8100403
8100406
8100411
8100412
8100414
8100413
8100441
8100442
8100444
8100443
8100446
8100445
8100448
8100447
8100449
8100453
8100451
8100450
8100452
8100454
8100455
8100456
8100457
8100458
8100459
8100460
8100462
8100463
8100461
8100465
8100464
8100466
8100468
8100469
8100470
8100471
8100467
8100472
8100473
8100475
8100476
8100474
8100478
8100477
8100483
8100479
8100480
8100485
8100484
8100489
8100488
8100486
8100491
8100504
8100505
8100580
8100506
8100507
8100508
8100549
8100548
8100550
8100552
8100551
8100554
8100555
8100553
8100556
8100559
8100561
8100560
8100562
8100564
8100567
8100565
8100569
8100570
8100571
8100581
8100576
8100572
8100584
8100585
8100582
8100493
8100494
8100496
8100495
8100503
8100500
8100501
8100502
8100587
8100590
8100589
8100588
8100591
8100593
8100592
8100594
8100595
8100597
8100596
8100599
8100598
8100601
8100602
8100600
8100603
8100604
8100605
8100606
8100610
8100609
8100608
8100607
8100613
8100611
8100612
8100614
8100615
8100616
8100618
8100617
8100619
8100620
8100621
8100623
8100622
8100626
8100624
8100625
8100627
8100629
8100628
8100630
8100631
8100632
8100633
8100635
8100636
8100634
8100637
8100639
8100638
8100640
8100641
8100643
8100642
8100645
8100644
8100646
8100647
8100650
8100649
8100651
8100657
8100648
8100658
8100656
8100659
8100655
8100660
8100662
8100661
8100663
8100664
8100665
8100666
8100667
8100669
8100668
8100671
8100670
8100672
8100673
8100674
8100676
8100675
8100678
8100677
8100680
8100679
8100684
8100685
8100686
8100699
8100700
8100702
8100701
8100704
8100703
8100707
8100706
8100705
8100708
8100710
8100709
8100711
8100712
8100714
8100713
8100715
8100730
8100732
8100716
8100734
8100735
8100736
8100737
8100739
8100740
8100738
8100741
8100742
8100744
8100743
8100745
8100746
8100747
8100748
8100751
8100749
8100753
8100750
8100752
8100754
8100755
8100756
8100757
8100758
8100759
8100761
8100762
8100763
8100764
8100769
8100789
8100766
8100790
8100794
8100799
8100800
8100801
8100717
8100802
8100798
8100718
8100720
8100719
8100721
8100723
8100722
8100864
8100865
8100866
8100867
8100869
8100868
8100870
8100871
8100872
8100873
8100874
8100875
8100876
8100878
8100877
8100879
8100880
8100883
8100881
8100882
8100885
8100884
8100887
8100886
8100888
8100889
8100891
8100890
8100893
8100894
8100892
8100895
8100896
8100898
8100897
8100899
8100900
8100901
8100903
8100904
8100906
8100905
8100902
8100910
8100908
8100911
8100907
8100909
8100912
8100913
8100915
8100914
8100917
8100916
8100918
8100919
8100921
8100920
8100922
8100924
8100923
8100925
8100926
8100927
8100929
8100928
8100930
8100933
8100931
8100932
8100934
8100936
8100935
8100937
8100938
8100939
8100942
8100940
8100941
8100944
8100943
8100945
8100946
8100947
8100950
8100949
8100948
8100951
8100953
8100952
8100956
8100954
8100955
8100957
8100958
8100959
8100960
8100961
8100962
8100963
8210065
8210067
8210059
8210066
8210062
8210060
8210061
8210063
8210064
8210070
8221001
8221003
8221004
8221002
8221006
8221005
8221007
8221008
8221009
8221012
8221013
8221014
8221016
8221015
8200003
8221017
8200004
8221018
8221019
8221020
8220017
8221021
8210072
8210071
8221027
8221028
8221030
8221031
8221035
8221033
8221032
8221036
8221037
8210074
8210073
8210075
8221038
8210076
8210077
8100964
8100965
8100967
8100966
8100968
8100969
8100970
8100971
8100973
8100972
8100974
8100975
8220018
8220019
8200000
8101002
8210019
8220011
8210020
8210027
8210026
8220014
8210022
8210023
8220012
8210017
8210024
8210029
8210030
8210018
8210021
8210025
8210031
8210028
8210032
8210035
8210034
8210033
8210038
8210036
8210037
8210039
8210040
8210041
8210044
8210042
8220015
8210043
8220016
8220013
8200001
8222039
8230003
8222038
8230005
8230004
8230009
8230010
8230022
8230024
8230023
8230026
8230025
8230027
8230028
8230029
8230033
8230034
8230035
8230036
8230038
8230037
8230039
8230041
8230042
8230043
8230046
8230045
8230047
8230048
8230001
8230002
8230000
8222058
8222059
8222061
8222062
8222060
8222063
8222065
8222064
8222067
8221040
8221041
8221039
8222069
8222071
8221042
8222070
8222074
8222072
8222073
8222075
8222076
8222077
8222079
8222081
8222078
8222080
8222084
8222085
8222083
8222087
8222086
8222082
8222089
8222088
8222090
8222092
8222091
8222093
8222095
8222094
8222098
8222096
8222099
8222100
8222005
8222013
8222003
8222006
8222004
8222009
8222016
8222007
8222019
8222008
8222014
8222015
8222017
8222035
8222037
8222034
8222036
8222001
8222012
8222010
8222011
8222018
8222033
8300004
8310072
8310071
8310073
8310074
8310075
8310076
8300011
8300009
8300010
8300013
8300012
8300014
8300015
8300016
8300018
8300020
8300017
8300019
8310078
8310077
8310079
8310080
8310082
8310081
8310083
8310085
8310084
8310086
8310088
8310089
8310087
8310091
8310093
8310090
8310092
8310095
8310094
8310096
8310097
8310098
8310099
8310144
8310143
8310145
8310100
8310146
8310147
8310149
8310148
8310151
8310150
8310152
8310153
8310154
8310156
8310155
8310157
8310158
8310159
8310161
8310160
8310162
8310163
8310166
8310164
8310165
8310167
8310168
8310169
8310172
8310170
8310171
8310176
8310173
8310174
8310175
8310177
8310178
8310180
8310181
8310179
8310008
8310010
8310011
8310012
8310013
8310045
8310044
8310046
8310049
8310047
8310048
8310050
8310051
8310053
8310052
8310054
8310021
8310055
8320015
8320017
8320016
8320018
8320021
8320020
8320019
8320022
8320024
8320025
8320023
8320026
8320028
8320027
8320029
8320031
8320030
8320032
8320033
8320034
8320035
8320036
8320037
8320038
8320041
8320040
8320039
8320042
8320044
8320045
8320043
8320046
8320047
8320050
8320049
8320048
8320051
8320052
8320053
8320054
8320055
8320056
8320058
8320057
8320059
8320060
8320061
8320063
8320062
8310183
8310182
8310184
8310185
8310186
8310188
8310187
8310189
8310192
8310190
8310193
8310194
8310196
8310195
8310197
8310199
8310198
8310200
8310201
8310203
8310202
8310204
8310205
8310206
8310208
8310207
8310209
8310211
8310213
8310210
8310212
8310215
8310214
8310216
8310217
8310218
8310220
8310221
8310219
8310222
8310223
8310224
8310225
8310226
8310227
8310231
8310230
8310232
8310233
8310234
8310235
8320066
8320067
8320070
8320068
8320071
8320073
8320072
8320074
8320075
8320064
8320076
8320065
8320079
8320078
8320081
8320082
8320080
8320077
8330105
8330106
8320083
8330107
8330104
8330109
8330108
8330110
8330112
8330111
8330115
8330113
8330116
8330114
8330117
8330118
8330119
8330120
8330122
8330121
8330123
8330124
8330125
8330126
8330127
8330128
8330129
8330074
8330076
8320084
8330077
8330065
8330066
8330050
8330049
8330048
8330001
8330000
8330005
8330002
8330004
8330003
8330006
8330007
8330008
8330010
8330009
8330011
8330053
8330051
8330054
8330055
8330052
8330057
8330056
8330059
8330062
8330061
8330060
8330058
8330063
8330067
8330064
8330068
8330071
8330069
8330072
8330073
8330070
8320069
8330080
8330079
8330078
8330081
8330083
8330084
8330082
8330085
8330086
8330088
8330087
8330089
8340047
8340048
8340049
8340050
8340051
8340052
8340053
8340054
8340055
8340058
8340057
8340056
8340059
8340060
8340061
8350000
8350005
8350007
8350004
8350006
8350008
8350010
8350011
8350009
8350012
8350014
8350015
8350013
8350017
8350018
8350016
8350020
8350021
8350019
8350024
8350023
8350025
8350026
8350028
8350022
8350027
8340077
8340078
8330131
8330130
8330132
8330134
8330135
8330133
8330136
8330137
8330138
8330139
8340079
8340080
8340081
8330140
8340082
8330148
8330147
8330149
8330150
8330151
8330152
8330146
8330153
8330154
8340083
8330155
8340084
8330156
8330157
8330158
8330160
8330159
8340087
8330161
8340089
8340088
8340032
8340033
8340035
8340034
8340036
8340039
8340037
8340038
8340040
8340041
8340042
8340043
8340045
8340044
8340046
8340027
8340026
8340028
8340029
8340031
8340030
8350029
8350030
8350031
8350032
8350034
8350033
8350035
8350036
8350038
8350037
8370102
8350039
8370105
8370107
8370106
8370110
8370108
8370103
8370104
8370111
8370109
8370112
8370114
8370115
8370113
8370116
8370118
8370117
8350040
8350041
8350042
8350043
8350044
8350047
8350046
8350045
8350048
8350050
8350051
8350049
8350052
8350053
8350054
8350055
8350057
8350059
8350056
8350058
8350060
8350062
8350063
8350066
8350065
8350067
8350064
8350069
8350068
8350061
8350070
8350071
8350072
8350073
8350075
8350074
8350077
8350078
8350076
8350079
8350080
8350082
8350081
8350085
8350083
8350084
8350086
8350089
8350087
8350088
8350090
8350091
8350092
8350093
8350094
8350095
8350096
8350097
8350100
8350098
8350099
8350101
8350103
8350102
8350104
8350106
8350108
8350105
8350107
8350109
8350111
8350110
8370174
8370175
8370179
8370176
8370177
8370178
8370181
8370180
8370182
8370185
8370184
8370183
8370187
8370188
8370186
8370189
8370190
8370193
8370192
8370194
8370191
8370198
8370195
8370197
8370196
8370200
8370199
8370201
8370204
8370203
8370202
8370205
8370206
8370207
8370209
8370208
8370211
8370212
8370210
8370213
8370215
8370216
8370214
8370217
8370218
8370127
8370126
8370129
8370128
8370130
8370131
8370132
8370133
8370135
8370134
8370136
8370138
8370137
8370139
8370140
8370141
8370144
8370142
8370143
8370146
8370145
8370147
8370149
8370119
8370148
8370150
8370151
8370153
8370152
8370154
8370155
8370156
8370157
8370159
8370158
8370161
8370160
8370120
8370121
8370122
8370123
8370162
8370124
8370125
8370164
8370163
8370167
8370166
8370165
8370168
8370170
8370172
8370171
8370173
8370169
8410039
8410029
8410040
8410038
8410028
8400042
8400043
8410041
8400044
8400045
8400046
8410042
8410043
8410044
8400047
8400048
8400049
8410045
8400050
8400051
8400052
8400053
8370219
8400054
8400055
8400026
8400059
8400058
8400057
8400060
8400061
8370310
8370311
8370312
8370324
8370313
8370326
8370325
8370327
8400068
8370339
8370338
8370340
8370342
8400069
8370341
8370345
8370344
8370343
8370346
8370348
8370347
8370349
8370350
8400070
8370351
8400071
8400072
8400000
8370352
8400020
8400004
8400001
8410015
8400002
8410019
8410017
8400005
8400003
8400006
8400024
8400007
8410013
8410014
8410012
8400011
8400021
8400009
8410034
8400010
8410035
8410036
8400032
8400035
8400038
8400037
8400039
8400040
8400036
8400028
8400029
8400030
8410018
8400031
8400022
8410016
8410037
8400023
8410008
8410007
8440136
8440137
8440138
8440139
8440141
8440140
8440143
8440142
8440144
8440147
8440146
8440145
8440148
8430013
8440134
8430014
8440135
8440112
8440048
8440047
8440109
8440113
8430015
8440115
8440117
8440114
8440116
8440121
8440120
8440118
8440122
8440119
8440124
8440034
8440123
8440035
8430018
8440036
8410046
8410047
8410049
8410048
8440127
8410051
8410050
8440130
8440131
8440128
8440132
8440133
8410052
8430020
8440022
8430004
8430019
8410053
8410054
8430022
8410055
8430023
8410056
8410057
8410058
8430024
8430025
8410059
8430026
8410060
8410061
8430027
8410069
8410067
8410068
8410066
8440042
8430002
8440044
8440038
8430003
8440043
8440033
8440045
8430000
8440046
8430001
8440051
8440050
8440052
8440053
8440041
8440000
8440040
8440001
8440002
8440003
8430016
8440031
8430017
8440008
8440032
8440149
8440150
8440152
8440151
8440153
8440156
8440155
8440157
8440154
8440158
8440159
8440161
8440160
8440162
8440163
8440164
8440165
8440166
8440167
8440168
8440170
8440169
8440171
8440172
8440174
8440173
8440175
8440176
8440178
8440177
8440179
8440181
8440180
8440182
8440183
8440184
8440186
8440185
8440190
8440191
8440188
8440187
8440189
8440192
8440193
8440194
8440195
8440196
8440197
8440198
8440199
8440200
8440201
8440202
8440203
8440205
8440207
8440206
8440209
8440208
8440210
8440211
8440204
8440212
8440213
8440214
8440216
8440217
8440215
8440218
8440219
8440221
8440220
8440222
8440223
8440224
8440225
8440227
8440226
8440228
8440229
8440230
8440233
8440232
8440231
8440235
8440234
8440236
8440237
8440238
8440239
8440240
8440241
8440243
8440242
8440244
8440245
8440248
8440247
8440246
8440249
8440251
8440250
8440255
8440254
8440252
8440253
8440259
8440257
8440258
8440260
8440261
8440262
8440263
8440265
8440266
8440268
8440267
8440269
8440264
8440270
8440272
8440274
8440271
8440273
8440275
8440276
8500007
8500013
8440286
8500015
8440287
8440305
8440297
8440298
8440306
8440307
8440308
8440309
8440310
8440315
8440314
8440313
8440317
8440320
8440319
8440316
8440318
8440321
8440322
8440323
8440336
8440326
8440327
8440338
8440337
8440339
8440340
8440341
8440351
8440353
8440352
8440354
8440350
8440357
8440355
8440356
8440358
8440364
8440360
8440359
8440363
8440361
8440362
8440367
8440365
8440366
8440368
8440371
8440370
8440369
8440372
8440374
8440373
8440262A
8440375
8440261A
8500014
8440376
8500008
8500017
8500000
8500016
8500018
8500012
8500006
8500019
8500020
8500010
8500009
8500062
8500063
8500076
8500077
8500078
8500080
8500079
8500081
8500083
8500082
8500084
8500085
8500075
8500053
8500054
8500051
8500052
8500057
8500058
8500055
8500056
8500059
8500061
8500045
8500060
8500046
8500048
8500047
8500049
8500050
8500065
8500064
8500068
8500071
8500073
8500086
8500074
8500072
8500087
8500088
8500089
8500090
8500091
8500092
8500094
8500093
8500096
8500095
8500097
8500098
8500100
8500099
8500102
8500101
8500104
8500103
8500105
8500106
8500108
8500110
8500109
8500107
8500111
8500112
8500113
8500114
8500115
8500116
8500118
8500122
8500123
8500126
8500117
8500125
8500124
8500129
8500127
8500128
8500130
8500132
8500133
8500131
8500023
8500021
8500024
8500022
8500036
8500034
8500033
8500032
8500027
8500026
8500025
8500028
8500031
8500030
8500029
8500035
8500069
8500070
8540051
8540040
8540052
8540041
8540034
8540036
8540035
8540037
8540004
8540002
8540009
8500134
8500136
8500135
8500137
8500139
8500138
8500140
8500142
8500141
8500145
8500143
8500144
8500148
8500147
8500146
8500149
8500151
8500153
8500152
8500154
8500156
8500155
8500157
8500162
8500160
8500158
8500163
8500164
8500165
8500166
8500168
8500167
8500169
8500170
8500171
8500172
8500174
8500173
8500175
8500176
8500177
8500178
8500180
8500179
8500183
8500181
8500182
8500184
8500187
8500185
8500188
8500186
8500190
8500193
8500189
8500194
8500191
8500196
8500192
8540039
8500195
8540038
8540000
8540003
8540005
8540001
8540007
8540006
8540010
8540008
8540011
8540012
8540013
8540014
8540015
8540017
8540016
8540018
8540019
8540021
8540020
8540022
8540023
8540028
8540029
8540031
8540030
8540032
8540033
8540055
8540054
8540053
8600029
8600032
8600030
8540056
8540057
8540059
8540058
8540060
8540062
8540061
8540063
8540064
8540065
8540066
8540067
8540068
8540069
8540070
8540071
8540072
8540073
8540074
8540075
8540077
8540076
8540078
8540079
8540080
8540081
8540082
8540083
8540085
8540084
8540086
8540087
8540090
8540089
8540088
8540091
8540093
8540092
8540095
8540096
8540094
8540097
8540099
8540098
8540100
8540101
8540103
8600042
8540102
8600043
8600046
8600049
8600054
8600112
8600114
8600104
8540105
8540104
8540106
8600037
8600081
8600034
8600080
8600036
8600058
8600079
8600063
8600059
8600067
8600068
8600078
8600117
8600035
8600038
8600039
8600040
8600041
8600028
8600031
8600033
8600048
8600089
8600088
8600087
8600090
8600091
8600092
8600093
8600094
8600120
8600121
8600095
8600122
8600123
8600255
8600254
8600256
8600142
8600148
8600258
8600154
8600150
8600153
8600185
8600227
8600299
8600191
8600298
8600173
8600184
8600180
8600183
8600124
8600188
8600294
8600187
8600127
8600125
8600128
8600126
8600129
8600130
8600171
8600131
8600179
8600196
8600199
8600202
8600200
8600203
8600207
8600204
8600243
8600244
8600246
8600245
8600247
8600248
8600251
8600250
8600249
8600252
8600260
8600253
8600257
8600259
8600261
8600262
8600267
8600265
8600268
8600269
8600271
8600266
8600270
8600272
8600273
8600274
8600277
8600275
8600276
8600280
8600279
8600278
8600281
8600282
8600283
8600285
8600284
8600286
8600287
8600300
8600308
8600301
8600309
8600310
8600311
8600312
8600313
8600314
8600315
8600317
8600318
8600316
8600319
8600321
8600320
8600322
8600323
8600325
8600324
8600326
8600327
8600328
8600410
8600332
8600378
8600412
8600333
8600350
8600348
8600352
8600349
8600354
8600353
8600374
8600364
8600446
8600397
8600402
8600434
8600391
8600390
8600403
8600426
8600432
8600396
8600362
8600368
8600382
8600380
8600383
8600431
8600433
8600398
8600401
8600400
8600386
8600399
8600387
8600393
8600388
8600389
8600427
8600394
8600395
8600428
8600329
8600330
8600331
8600334
8600335
8600336
8600337
8600340
8600338
8600339
8600343
8600341
8600342
8600345
8600346
8600355
8600351
8600347
8600356
8600358
8600357
8600359
8600360
8600361
8600376
8600363
8600379
8600377
8600404
8600405
8600406
8600408
8600407
8600411
8600409
8600413
8600414
8600416
8600415
8600417
8600418
8600420
8600419
8600421
8600422
8600424
8600435
8600423
8600425
8600438
8600436
8600437
8600439
8600442
8600440
8600443
8600441
8600556
8600557
8600559
8600560
8600558
8600561
8600555
8600450A
8600562
8600552A
8600451A
8600496
8600502
8600448
8600485
8600486
8600497
8600504
8600507
8600503
8600509
8600500
8600505
8600501
8600510
8600487
8600495
8600523
8600451
8600456
8600465
8600467
8600466
8600455
8600464
8600459
8600450
8600518
8600452
8600460
8600454
8600457
8600461
8600458
8600453
8600524
8600522
8600519
8600552
8600474
8600554
8600506
8600553
8600546
8600541
8600547
8600540
8600542
8600543
8600488
8600545
8600544
8600498
8600494
8600492
8600511
8600512
8600513
8600514
8600515
8600516
8600517
8600531
8600532
8600533
8600535
8600534
8600536
8600537
8600538
8600520
8600539
8600521
8600529
8600530
8600525
8600527
8600526
8600528
8600462
8600463
8600491
8600489
8600490
8600493
8600508
8600499
8600469
8600470
8600484
8600582
8600583
8600585
8600610
8600586
8600611
8600581
8600587
8600588
8600589
8600648
8600646
8600630
8600631
8600647
8600632
8600634
8600633
8600635
8600637
8600636
8600638
8600639
8600599
8600598
8600640
8600597
8600601
8600600
8600596
8600641
8600649
8600650
8600651
8600578
8600661
8600577
8600579
8600656
8600655
8600580
8600653
8600654
8600657
8600658
8600659
8600603
8600604
8600605
8600608
8600606
8600570
8600571
8600607
8600572
8600565
8600564
8600566
8600563
8600573
8600574
8600576
8600575
8600642
8600643
8600644
8600663
8600645
8600612
8600664
8600614
8600613
8600616
8600615
8600618
8600617
8600619
8600620
8600623
8600622
8600624
8600621
8600625
8600628
8600626
8600627
8600629
8600567
8600568
8600569
8600679
8600685
8600680
8600682
8600681
8600684
8600669
8600672
8600583A
8600581A
8600707
8600701
8600709
8600710
8600728
8600753
8600731
8600733
8600732
8600755
8600754
8600757
8600711
8600756
8600712
8600742
8600713
8600743
8600714
8600715
8600716
8600719
8600717
8600718
8600722
8600720
8600721
8600723
8600724
8600726
8600725
8600758
8600727
8600764
8600765
8600759
8600766
8600734
8600735
8600736
8600737
8600738
8600740
8600741
8600739
8600745
8600744
8600746
8600747
8600748
8600749
8600752
8600700
8600751
8600695
8600691
8600692
8600694
8600693
8600686
8600690
8600687
8600688
8600697
8600698
8600699
8600696
8600708
8600768
8600767
8600769
8600770
8600772
8600771
8600775
8600777
8600776
8600774
8600773
8600778
8600780
8600779
8600781
8600782
8600783
8600785
8600784
8600787
8600786
8600731A
8600788
8600728A
8600733A
8600716A
8600750
8600706
8600760
8600763
8600761
8600762
8600789
8600790
8600791
8600793
8600794
8600792
8600795
8600796
8600797
8600800
8600798
8600803
8600804
8600805
8600806
8600807
8600808
8600809
8600810
8600813
8600812
8600811
8600814
8600816
8600815
8600817
8600818
8600819
8600820
8600821
8600824
8600822
8600823
8600825
8600826
8600828
8600827
8600829
8600830
8600833
8600832
8600831
8600834
8600836
8600837
8600835
8600840
8600839
8600838
8600841
8600842
8600843
8600844
8600847
8600845
8600848
8600846
8600849
8600850
8600851
8600853
8600852
8600854
8600856
8600855
8600857
8600858
8600859
8600860
8600862
8600861
8600866
8600863
8600864
8600865
8600868
8600867
8600869
8600870
8600872
8600874
8600871
8600873
8600875
8600877
8600876
8600878
8600879
8600880
8600881
8600883
8600882
8600884
8600800A
8600862A
8600798A
8600885
8600863A
8600837A
8600788A
8600886
8600887
8600888
8600889
8600890
8600892
8600891
8600893
8600895
8600896
8600894
8600898
8600897
8600899
8600901
8600903
8600900
8600904
8600902
8600905
8600906
8600907
8600908
8600909
8600913
8600910
8600911
8600912
8600916
8600914
8600915
8600917
8600918
8600921
8600920
8600919
8600922
8600923
8600924
8600925
8600927
8600928
8600929
8600930
8600932
8600931
8600934
8600933
8600935
8600936
8600937
8600939
8600938
8600942
8600940
8600941
8600943
8600944
8600945
8600946
8600947
8600948
8600949
8600950
8600952
8600953
8600954
8600955
8600956
8600951
8600957
8600958
8600960
8600959
8600963
8600961
8600964
8600966
8600962
8600967
8600968
8600965
8600970
8600969
8600971
8600972
8600974
8600973
8600975
8600976
8600977
8600978
8600980
8600979
8600981
8600983
8600982
8600983A
8600980A
8600981A
8600992
8600995
8600996
8600997
8600998
8600999
8601000
8601002
8601003
8601001
8601004
8601005
8601010
8601006
8601011
8601012
8601013
8601015
8601014
8601017
8601016
8601018
8601020
8601019
8601021
8601022
8601023
8601026
8601024
8601027
8601025
8601028
8601029
8601030
8601031
8601032
8601035
8601034
8601033
8601036
8601037
8601038
8601039
8601040
8601041
8601042
8601043
8601044
8601046
8601045
8601048
8601050
8601047
8601053
8601051
8601049
8601052
8601055
8601056
8601057
8601054
8601059
8601058
8601063
8601064
8601067
8601070
8601072
8601073
8601076
8601078
8601075
8601077
8601081
8601082
8601087
8601085
8601089
8601083
8601084
8601094
8601095
8601097
8601100
8601101
8601107
8601115
8601117
8601118
8601119
8601122
8601121
8601120
8601124
8601123
8601126
8601125
8601002A
8601097A
8600992A
8601127
8601128
8601133
8601129
8601130
8601131
8601132
8601135
8601134
8601136
8601139
8601137
8601138
8601140
8601141
8601143
8601142
8601146
8601144
8601151
8601150
8601145
8601153
8601158
8601154
8601159
8601162
8601161
8601164
8601163
8601165
8601166
8601168
8601169
8601167
8601170
8601171
8601173
8601172
8601175
8601174
8601176
8601177
8601179
8601181
8601180
8601178
8601182
8601189
8601190
8601191
8601193
8601192
8601194
8601197
8601195
8601198
8601199
8601200
8601196
8601201
8601203
8601202
8601206
8601207
8601209
8601210
8601204
8601221
8601220
8601222
8601226
8601223
8601224
8601225
8601227
8601228
8601229
8601230
8601231
8601232
8601233
8601238
8601237
8601239
8601241
8601242
8601240
8601243
8601244
8601246
8601245
8601248
8601249
8601247
8601132A
8601159A
8601135A
8601133A
8601134A
8601250
8601251
8601253
8601255
8601252
8601254
8601256
8601257
8601259
8601258
8601263
8601260
8601261
8601262
8601264
8601265
8601266
8601267
8601268
8601269
8601277
8601270
8601279
8601278
8601281
8601280
8601282
8601283
8601284
8601285
8601287
8601286
8601288
8601291
8601294
8601292
8601293
8601295
8601297
8601298
8601299
8601300
8601303
8601304
8601307
8601321
8601323
8601322
8601324
8601325
8601330
8601326
8601335
8601337
8601339
8601338
8601336
8601342
8601340
8601344
8601345
8601343
8601347
8601348
8601349
8601350
8601346
8601351
8601352
8601354
8601353
8601355
8601356
8601358
8601359
8601357
8601362
8601360
8601363
8601361
8601364
8601365
8601368
8601367
8601366
8601369
8601370
8601371
8601372
8601374
8601375
8601377
8601373
8601376
8601378
8601379
8601380
8601257A
8601297A
8601381
8620088
8620089
8620090
8620091
8620093
8620092
8620094
8610060
8610005
8610057
8610058
8610056
8610031
8601384
8620046
8601382
8601386
8601385
8601387
8601388
8601390
8601389
8601392
8601394
8601391
8601395
8601393
8601396
8601399
8601397
8601400
8601401
8601402
8601403
8601404
8601405
8601406
8601407
8601409
8601408
8601419
8601418
8601420
8601422
8601421
8601423
8620060
8620061
8620083
8620086
8620062
8620066
8620059
8620070
8620072
8620085
8620071
8620082
8620056
8620055
8620065
8620069
8620068
8620067
8620064
8620063
8620057
8620058
8610020
8610024
8610028
8620073
8610030
8620074
8620075
8620076
8620078
8620077
8620080
8620079
8620084
8620081
8620087
8610026
8610022
8610032
8610034
8610000
8610002
8610001
8610003
8610004
8610011
8610012
8610007
8610019
8610014
8610029
8610013
8610059
8620095
8620096
8620097
8620098
8620099
8620102
8620101
8620100
8620103
8620105
8620107
8620104
8620106
8620108
8620109
8620110
8620111
8620112
8620114
8620113
8620117
8620115
8620119
8620116
8620118
8620120
8620121
8620123
8620122
8620124
8620126
8620127
8620125
8620128
8620129
8620130
8620131
8620134
8620135
8620133
8620132
8620137
8620136
8620141
8620139
8620138
8620142
8620143
8620144
8620146
8620145
8620148
8620147
8620151
8620149
8620150
8620153
8620152
8620154
8620156
8620157
8620158
8620155
8620159
8620160
8620161
8620162
8620163
8620165
8620166
8620167
8620168
8620164
8620169
8620170
8620172
8620171
8620173
8620176
8620175
8620177
8620174
8620178
8620181
8620179
8620180
8620182
8620185
8620183
8620184
8620186
8620187
8620190
8620188
8620189
8620191
8620192
8620193
8620194
8620195
8620196
8620198
8620197
8620199
8620201
8620200
8620203
8620202
8620205
8620204
8620207
8620208
8620210
8620209
8620211
8620212
8620213
8620214
8620217
8620215
8620216
8620219
8620221
8620220
8620222
8620224
8620223
8620225
8620227
8620226
8620229
8620228
8620232
8620230
8620231
8620233
8620234
8620235
8620236
8620238
8620237
8620242
8620239
8620240
8620241
8620245
8620243
8620244
8620246
8620247
8620248
8620249
8620251
8620250
8620253
8620252
8620254
8620255
8620256
8620258
8620259
8620261
8620257
8620260
8620262
8620263
8620264
8620265
8620266
8620267
8620268
8620269
8620273
8620275
8620274
8620270
8620276
8620271
8620272
8620277
8620279
8620278
8620281
8620280
8620282
8620283
8620285
8620284
8620286
8620287
8620288
8620290
8620289
8620291
8620292
8620293
8620294
8620295
8620296
8620297
8700055
8700034
8621122
8621120
8621119
8621124
8621123
8621128
8621121
8621130
8621131
8621129
8621133
8621132
8621140
8621139
8621142
8621141
8621143
8621144
8621145
8621146
8621147
8621148
8621149
8621150
8621153
8621151
8621154
8621152
8621155
8621156
8621157
8621163
8621160
8621164
8621162
8621165
8621166
8621167
8621168
8621169
8621170
8621171
8621173
8621172
8621175
8621174
8621176
8621177
8621178
8621180
8621179
8621181
8621183
8621182
8621186
8621185
8620299
8620298
8621184
8620300
8620301
8621189
8621187
8621188
8620302
8620304
8620303
8621191
8620305
8700025
8621003
8700045
8621000
8621004
8700063
8621005
8621002
8621001
8700043
8700044
8700027
8700026
8621006
8621008
8621007
8700029
8700032
8700033
8700041
8700054
8700042
8700056
8700058
8700059
8700060
8700061
8700062
8700057
8700250
8700211
8700181
8700138
8700251
8700089
8700086
8700113
8700195
8700197
8700088
8700094
8700090
8700091
8700092
8700093
8700095
8700114
8700117
8700116
8700119
8700118
8700120
8700121
8700122
8700123
8700182
8700180
8700194
8700087
8700191
8700064
8700065
8700067
8700066
8700068
8700069
8700076
8700075
8700077
8700078
8700080
8700079
8700082
8700083
8700081
8700084
8700104
8700085
8700151
8700105
8700153
8700152
8700154
8700155
8700158
8700156
8700157
8700160
8700159
8700161
8700162
8700167
8700168
8700166
8700169
8700170
8700175
8700171
8700174
8700176
8700177
8700178
8700193
8700198
8700196
8700200
8700199
8700202
8700201
8700203
8700204
8700206
8700205
8700207
8700237
8700209
8700210
8700239
8700238
8700240
8700241
8700242
8700243
8700246
8700245
8700244
8700247
8700248
8700249
8700428
8700443
8700429
8700444
8700442
8700430
8700276
8700348
8700407
8700445
8700389
8700415
8700253
8700374
8700377
8700386
8700411
8700371
8700363
8700385
8700417
8700370
8700359
8700372
8700427
8700388
8700333
8700332
8700414
8700331
8700376
8700375
8700356
8700367
8700413
8700358
8700360
8700364
8700361
8700365
8700369
8700362
8700366
8700441
8700373
8700418
8700416
8700382
8700383
8700384
8700387
8700259
8700258
8700257
8700260
8700261
8700262
8700263
8700264
8700265
8700267
8700266
8700268
8700269
8700272
8700270
8700271
8700273
8700274
8700275
8700277
8700278
8700279
8700282
8700283
8700284
8700285
8700286
8700287
8700337
8700335
8700334
8700336
8700338
8700339
8700340
8700341
8700342
8700343
8700346
8700345
8700347
8700344
8700349
8700390
8700405
8700406
8700408
8700409
8700410
8700468
8700470
8700473
8700469
8700472
8700471
8700475
8700474
8700476
8700494
8700493
8700496
8700541
8700497
8700511
8700512
8700514
8700446
8700513
8700448
8700449
8700452
8700454
8700453
8700456
8700457
8700458
8700461
8700460
8700464
8700466
8700465
8700483
8700506
8700505
8700508
8700537
8700538
8700545
8700548
8700515
8700517
8700516
8700518
8700534
8700535
8700536
8700522
8700519
8700520
8700525
8700530
8700529
8700489
8700531
8700495
8700498
8700492
8700521
8700523
8700524
8700526
8700528
8700540
8700539
8700527
8700447
8700450
8700455
8700451
8700459
8700462
8700482
8700481
8700463
8700467
8700484
8700485
8700487
8700486
8700488
8700490
8700491
8700499
8700500
8700502
8700501
8700503
8700504
8700507
8700509
8700510
8700532
8700533
8700543
8700544
8700546
8700547
8700550
8700549
8700611
8700645
8700610
8700646
8700647
8700648
8700649
8700650
8700651
8700652
8700654
8700653
8700655
8700658
8700656
8700657
8700659
8700660
8700662
8700661
8700665
8700663
8700664
8700667
8700666
8700668
8700669
8700670
8700671
8700672
8700673
8700674
8700680
8700681
8700679
8700678
8700628
8700682
8700677
8700683
8700684
8700675
8700632
8700633
8700676
8700685
8700635
8700637
8700634
8700604
8700636
8700605
8700607
8700608
8700606
8700609
8700640
8700644
8700642
8700672A
8700677A
8700592
8700679A
8700579
8700610A
8700557
8700581
8700555
8700559
8700552
8700562
8700561
8700580
8700554
8700553
8700558
8700556
8700560
8700576
8700577
8700567
8700568
8700578
8700569
8700570
8700571
8700574
8700573
8700572
8700564
8700563
8700575
8700565
8700566
8700582
8700583
8700551
8700639
8700643
8700641
8700693
8700692
8700702
8700700
8700795
8700687
8700688
8700689
8700690
8700796
8700797
8700691
8700799
8700798
8700800
8700801
8700816
8700803
8700802
8700804
8700704
8700806
8700708
8700805
8700707
8700709
8700710
8700815
8700811
8700813
8700812
8700814
8700711
8700713
8700712
8700715
8700714
8700817
8700819
8700821
8700820
8700822
8700823
8700744
8700741
8700740
8700734
8700743
8700742
8700736
8700737
8700738
8700735
8700732
8700739
8700724
8700730
8700722
8700721
8700733
8700728
8700727
8700705
8700759
8700807
8700810
8700793
8700745
8700794
8700746
8700791
8700792
8700747
8700789
8700790
8700748
8700787
8700788
8700785
8700786
8700749
8700750
8700779
8700751
8700780
8700783
8700781
8700752
8700784
8700754
8700782
8700756
8700757
8700753
8700758
8700686
8700775
8700776
8700777
8700818
8700836
8700841
8700837
8700838
8700826
8700829
8700842
8700824
8700830
8700827
8700832
8700833
8700839
8700834
8700835
8700840
8700857
8700856
8700858
8700860
8700859
8700861
8700863
8700862
8700865
8700866
8700867
8700868
8700864
8700869
8700872
8700871
8700870
8700873
8700875
8700874
8700876
8700878
8700882
8700877
8700883
8700879
8700881
8700880
8700884
8700885
8700886
8700887
8700891
8700888
8700892
8700889
8700893
8700890
8700894
8700895
8700897
8700898
8700899
8700900
8700901
8700896
8700903
8700902
8700905
8700904
8700908
8700906
8700909
8700907
8700912
8700910
8700914
8700915
8700916
8700917
8700918
8700920
8700919
8700921
8700852
8700853
8700855
8700854
8700910A
8700879A
8700912A
8700825
8700880A
8700831
8700828
8700846
8700845
8700843
8700844
8700847
8700848
8700850
8700851
8700849
8700922
8700929
8700928
8700923
8700930
8700931
8700932
8700934
8700935
8700936
8700933
8700937
8700938
8700939
8700941
8700940
8700942
8700943
8700946
8700947
8700945
8700944
8700948
8700949
8700950
8700952
8700953
8700951
8700954
8700955
8700956
8700957
8700959
8700958
8700961
8700960
8700962
8700963
8700964
8700966
8700965
8700967
8700969
8700968
8700971
8700970
8700973
8700974
8700972
8700975
8700976
8700977
8700979
8700978
8700980
8700982
8700983
8700981
8700985
8700984
8700986
8700987
8700989
8700988
8700990
8700992
8700991
8700993
8700995
8700994
8700996
8700997
8700998
8701000
8700999
8701001
8701003
8701002
8701004
8701005
8701006
8701009
8701007
8701008
8701010
8701012
8701013
8701011
8701014
8701016
8701015
8701017
8701019
8701020
8701018
8701021
8701022
8700995A
8701017A
8700998A
8701039
8701041
8701038
8701040
8701024
8701023
8701025
8701026
8701027
8701028
8701029
8701030
8701031
8701032
8701034
8701033
8701035
8701036
8701042
8701037
8701043
8701044
8701045
8701046
8701047
8701048
8701049
8701051
8701050
8701052
8701053
8701054
8701057
8701055
8701058
8701056
8701059
8701060
8701061
8701063
8701062
8701065
8701067
8701068
8701064
8701066
8701069
8701072
8701071
8701070
8701073
8701074
8701075
8701076
8701077
8701078
8701079
8701080
8701081
8701082
8701084
8701083
8701085
8701088
8701090
8701087
8701094
8701093
8701098
8701091
8701096
8701099
8701101
8701102
8701103
8701100
8701104
8701106
8701107
8701105
8701109
8701108
8701110
8701111
8701112
8701113
8701115
8701114
8701116
8701117
8701118
8701121
8701119
8701120
8701122
8701123
8701124
8701096A
8701022A
8701111A
8701125
8701126
8701128
8701130
8701127
8701129
8701132
8701131
8701135
8701134
8701133
8701136
8701140
8701138
8701139
8701142
8701141
8701143
8701144
8701145
8701147
8701146
8701148
8701149
8701150
8701151
8701154
8701153
8701152
8701156
8701155
8701159
8701157
8701158
8701160
8701161
8701163
8701162
8701165
8701164
8701167
8701166
8701168
8701169
8701171
8701170
8701172
8701174
8701173
8701176
8701175
8701178
8701179
8701177
8701181
8701180
8701182
8701183
8701186
8701184
8701189
8701188
8701185
8701192
8701190
8701187
8701191
8701195
8701196
8701193
8701199
8701198
8701201
8701197
8701203
8701200
8701204
8701202
8701205
8701208
8701206
8701209
8701210
8701212
8701207
8701211
8701213
8701214
8701217
8701215
8701216
8701218
8701219
8701222
8701220
8701221
8701188A
8701216A
8701219A
8701187A
8701223
8701224
8701225
8701226
8701227
8701228
8701229
8701231
8701230
8701232
8701233
8701234
8701235
8701236
8701237
8701239
8701238
8701240
8701241
8701242
8701243
8701244
8701245
8701246
8701248
8701247
8701250
8701249
8701251
8701252
8701253
8701256
8701255
8701254
8701258
8701257
8701259
8701260
8701261
8701263
8701262
8701270
8701269
8701268
8701271
8701273
8701272
8701274
8701275
8701277
8701278
8701276
8701281
8701282
8701280
8701289
8701291
8701290
8701292
8701295
8701293
8701294
8701297
8701296
8701300
8701299
8701301
8701298
8701303
8701302
8701304
8701305
8701306
8701307
8701309
8701308
8701311
8701310
8701317
8701319
8701318
8701320
8701321
8701322
8701323
8701324
8701325
8701326
8701327
8701330
8701328
8701329
8701331
8701332
8701254A
8701222A
8701227A
8701306A
8701276A
8701275A
8701335
8701334
8701333
8701336
8701337
8701339
8701338
8701345
8701344
8701346
8701347
8701350
8701349
8701348
8701351
8701352
8701353
8701354
8701356
8701355
8701357
8701358
8701361
8701360
8701359
8701362
8701363
8701365
8701366
8701368
8701364
8701367
8701369
8701370
8701371
8701373
8701372
8701375
8701376
8701374
8701378
8701377
8701379
8701380
8701381
8701383
8701382
8701384
8701386
8701385
8701388
8701387
8701389
8701390
8701391
8701393
8701394
8701392
8701395
8701397
8701396
8701399
8701398
8701401
8701400
8701403
8701402
8701404
8701405
8701407
8701410
8701406
8701408
8701409
8701411
8701412
8701413
8701419
8701418
8701420
8701422
8701421
8701423
8701425
8701424
8701426
8701427
8701431
8701432
8701433
8701428
8701434
8701436
8701437
8701435
8701438
8701439
8701440
8701441
8701350A
8701442
8701444
8701443
8701446
8701447
8701448
8701449
8701450
8701451
8701453
8701452
8701455
8701445
8701461
8701457
8701462
8701460
8701463
8701465
8701464
8701472
8701470
8701473
8701474
8701479
8701480
8701483
8701487
8701484
8701486
8701488
8701489
8701491
8701493
8701492
8701494
8701495
8701496
8701497
8701498
8701500
8701499
8701501
8701502
8701503
8701504
8701507
8701506
8701510
8701511
8701512
8701513
8701514
8701515
8701518
8701521
8701522
8701519
8701520
8701524
8701523
8701525
8701526
8701527
8701528
8701529
8701530
8701532
8701531
8701534
8701535
8701533
8701536
8701537
8701538
8701545
8701541
8701540
8701546
8701547
8701544
8701543
8701548
8701551
8701549
8701550
8701552
8701554
8701553
8701555
8701556
8701557
8701558
8701560
8701561
8701564
8701562
8701563
8701521A
8701520A
8701565
8701568
8701569
8701570
8701571
8701572
8701574
8701573
8701575
8701576
8701577
8701579
8701578
8701580
8701582
8701581
8701583
8701585
8701584
8701588
8701586
8701587
8701589
8701592
8701593
8701596
8701595
8701594
8701598
8701597
8701599
8701600
8701601
8701605
8701602
8701603
8701604
8701606
8701608
8701607
8701611
8701615
8701614
8701623
8701624
8701622
8701617
8701626
8701625
8701627
8701632
8701630
8701633
8701634
8701636
8701635
8701641
8701640
8701642
8701643
8701644
8701645
8701646
8701647
8701648
8701649
8701651
8701650
8701652
8701654
8701653
8701656
8701655
8701657
8701659
8701661
8701660
8701664
8701670
8701680
8701681
8701707
8701706
8701708
8701709
8701714
8701710
8701711
8701713
8701716
8701717
8701715
8701568A
8701569A
8701607A
8701608A
8701606A
8701573A
8701709A
8701572A
8800012
8800032
8701722
8800030
8701721
8800031
8800026
8701720
8701730
8701731
8701736
8701733
8701737
8701738
8701741
8701745
8701744
8701742
8701743
8701748
8701746
8701747
8701750
8701749
8701753
8701754
8701751
8701752
8701756
8701757
8701755
8701759
8701758
8701761
8701760
8701763
8701764
8701762
8701765
8701767
8701768
8701766
8701770
8701769
8701773
8701771
8701772
8701774
8701775
8701776
8701778
8701779
8701777
8701780
8701781
8701783
8701784
8701782
8701785
8701786
8701787
8701788
8701790
8701789
8701791
8701792
8701793
8701796
8701799
8701798
8701797
8701801
8701800
8701802
8701803
8701804
8701806
8701805
8701807
8701812
8701811
8701808
8701813
8701829
8701830
8800005
8800006
8800013
8800004
8800016
8800015
8800018
8800022
8800019
8800021
8800024
8800025
8800028
8800027
8800029
8800063
8800064
8800062
8800126
8800066
8800122
8800065
8800121
8800125
8800124
8800123
8800118
8800033
8800034
8800100
8800099
8800095
8800101
8800097
8800096
8800094
8800120
8800119
8800102
8800112
8800113
8800114
8800103
8800115
8800104
8800105
8800116
8800117
8800110
8800111
8800130
8800131
8800133
8800132
8800144
8800145
8800135
8800134
8800138
8800136
8800139
8800140
8800137
8800142
8800143
8800141
8800146
8800147
8800148
8800150
8800149
8800152
8800153
8800151
8800154
8800156
8800155
8800157
8800160
8800158
8800159
8800161
8800162
8800165
8800164
8800167
8800166
8800163
8800169
8800170
8800168
8800172
8800171
8800173
8800174
8800167A
8800175
8800166A
8800044
8800045
8800046
8800043
8800039
8800051
8800050
8800042
8800038
8800049
8800040
8800127
8800098
8800041
8800035
8800128
8800129
8900001
8800176
8900000
8800179
8800177
8800178
8800180
8800181
8800182
97500013
97500014
97500016
97500019
97500015
97500017
97500020
97500018
97300123
97300124
97300122
97300125
97300126
8800183
97300127
97300128
8800184
8800185
8800189
8800186
8800188
8800191
8800192
8800190
8800193
8800194
97300145
97300140
97300160
97300141
97300146
97300148
97300147
97300149
97300150
97300151
97300153
97300152
97300154
97300155
8800195
8800196
8800198
8800197
8800199
8900002
8800200
8800201
8800202
8800205
8800203
8800206
8800204
8800211
8800210
97300161
97300162
97300163
97300164
97300165
8800213
97300166
8800216
8800218
8800219
8800217
8800221
8800220
8800222
8800225
8800223
8800224
8800227
8800226
8800228
8800180A
8800230
8910000
4001178
4001179
4001177
4001181
4001187
4001185
8100976
4001184
4001183
8100980
8100982
8100983
8100984
8100986
4001186
8100978
8100981
8100979
8100988
8100990
8100991
8100992
8100994
8100993
8100987
8100998
8100995
8100997
8100996
8101000
8100999
8701821
8701820
8701822
8701824
8701823
8101001
8701814
8701815
8100989
8100985
8701816
8101007
8701825
8701826
8701817
8601415
8601417
8101003
8101004
8101005
8101006
8101009
8101010
8101011
8101008
8701827
8101012
8101013
8601416
8701828
8101015
8101021
4001180
4001188
8701818
8701819
8101014
8101020
8101016
8101017
8101019
8101018
4001182
8100977
8101022
8101025
8101026
8101023
8370353
8101027
8410072
8410073
8410075
8410074
8410076
8410077
8101024
8430029
8410070
8410071
8222101
8601440
8430030
70062369
70062322
3600042
70059665
700012
70062118
70059671
8400073
8101033
8222102
8701833
8340090
8101028
8101029
30120640
4001205
8100812
8100814
4001206
8100816
8100813
8100815
8100819
8100818
8100817
8100824
8100827
8100830
8100826
8100821
8100822
8100823
8100828
8100820
8100829
8100831
8100825
8100833
8100832
8100835
8100836
8100834
8100838
8100837
8100839
8100841
8100840
8100842
8100843
8100844
8100847
8100846
8100849
8100845
8100848
8100850
8100851
8100853
8100852
8100855
8100854
8100856
8100857
8100859
8100860
8100858
8100862
8100861
8100863
8230051
8230050
8230052
8230053
8101030
8230054
8101031
8230055
8100580A
8101034
8101032
8101036
8101035
8101038
8101037
8101039
8101040
8101041
8101042
8101043
8101045
8101046
8101044
70056728A
70056730A
8101047
70059586A
70059585A
70059832A
70059831A
8210017A
8210022A
8210023A
8210024A
8210029A
8210030A
8210071A
8210072A
8101048
8101049
8222101A
70059784
8101050
8222102A
8230056
8230059
8230058
8230060
8230061
8350088A
8350087A
8230062
8350089A
8230063
8230057
8230064
8230066
8230065
8230067
8230068
8230069
8330163
8230070
8621193
8330162
8621192
8621194
8621196
8621195
8621199
8621197
8621198
8621200
8621201
8621202
8621203
8601445
8601446
8701844
8701845
8701846
8440378
8440377
8701847
8440379
8701848
8701849
8701850
8601447
8700677B
8601448
8601453
8601454
8601455
8601457
8601456
8601461
8601458
8601460
8620307
8370360
8701520B
8620306
8500198
8620308
8500197
8620309
8620310
8620311
3700101
3700100
3700099
3700093
3700098
3700102
3700097
3700096
3700105
3700095
3700103
3700094
3700104
3700106
3700107
8700666A
8621204
8700541A
8701246A
8701172A
8210082
8210084
8210083
8701017B
8210085
8601151A
8701072A
8701035A
8600617A
8701073A
8701036A
8701074A
8700882A
8700885A
8601354A
8601339A
8621205
8621206
8700679B
8700998B
8700995B
8621207
8200007
8700981A
8621210
8621208
8621211
8621209
8601450
8601451
8601459
8621212
8621213
8621214
8701160A
8621215
8701164A
8701161A
8701166A
8701167A
8701165A
8620103A
8701022B
8620106A
8620105A
8600832A
8600855A
8701254B
8620104A
8700672B
8700918A
8601421A
8701219B
8600795A
8601422A
8701187B
8601195A
8700912B
8701188B
8600754A
8600755A
8601303A
8601400A
8601401A
8621217
8621216
8621218
8621220
8700910B
8621221
8621219
8700610B
8700881A
8700879B
8701110A
8600898A
8600914A
8701111B
8621180A
8701242A
8601337A
8601408A
8621179A
8621178A
8601294A
8601471
8400074
8601382A
8601465
3700111
3700112
3600047
3600049
3700113
3400076
8701606B
8701277A
8701306B
8701574A
8701307A
8701681A
8701507A
8701607B
8701608B
8701736A
8701255A
8701709B
8701504A
8701710A
8701521B
8701793A
8701278A
8701646A
8701494A
8800192A
8701496A
8701495A
8701523A
8800162A
8800163A
8701470A
8701276B
8800186A
8701438A
8701545A
8701744A
8701543A
8701733A
8701484A
8701533A
8701487A
8701779A
8701360A
8701806A
8701781A
8701780A
8701428A
8701650A
8701651A
8701852
8701853
8701859
1502004902
1502004717
8310237
8310238
8310236
8310240
8310239
8310243
8310244
8310242
8310247
8310245
8310246
8310248
8310249
8310250
8310252
8310251
8310253
8310254
8310255
8310257
8310256
8310259
8310258
8310262
8310261
8310260
8310263
8310264
8310265
8400075
3700114
3600045
111000
8700387A
8701243A
8330165
8330167
8330164
8330166
8330168
8330169
8330170
8330171
8330172
8701783A
8222105
8222106
8330173
8330174
8101051
8330175
8101052
8101053
8101055
8700880B
8101054
8701549A
8222110
8222108
8601467
8601466
8701860
8701861
8222111
8701862
8701854
8701866
8500199
8701863
8701864
8500200
8701865
8620315
8620317
8620316
8620318
8620319
8701867
8621231
8620320
8701868
8701869
8701872
8701870
8621232
8701871
8621233
8621235
8621239
8621238
8621236
8621237
8500201
8621240
8620321
8620322
8620324
8620323
8620325
8620326
8620328
8620329
8620327
8621245
8621246
8621244
8701873
8610063
8621247
8601472
8701874
8601474
8601473
8200008
8621248
8621249
8601475
8601476
8350113
8350112
8350114
8350115
8350117
8350116
8350119
8350118
8350120
8350122
8101057
8101056
8350121
8101058
8620342
8620343
8620344
8500202
8620348
8620350
8620349
8620351
8620352
8620353
8500203
8620356
8620354
8620355
8620357
8222112
8330176
8222113
8222119
8222114
8222115
8400076
8222120
8222117
8222116
8222118
8310179A
8310181A
8310180A
8310189A
8310190A
8310188A
8310182A
8310183A
8310184A
8310185A
8310186A
8310187A
8601477
8601478
8601479
8601480
8222122
8701817A
8701816A
8701814A
8701818A
8701815A
8701819A
8701820A
8701824A
8701821A
8701823A
8701822A
8701827A
8701825A
8701828A
8800231
8222123
8701876
8701826A
8800232
8800234
8701877
8800233
3700021B
3600051
3700124
3600052
3700126
3700125
3600053
3600054
3600056
3400078
3600055
3600057
3400077
3700133
3400080
3700134
3400079
3700135
8221070
8222107
8221072
8221069
8221066
8221073
8221071
8221068
8221067
8222124
8222125
8222127
8222126
8310241
8370361
8370363
8370362
8370364
8370365
8370366
8370367
8370368
8370370
8370369
8370372
8370373
8370371
8370376
8370374
8370375
8370377
8370378
8370379
8370382
8370381
8370380
8370383
8370384
8370385
8370387
8370388
8370386
8370389
8370390
8370391
8370392
8370393
8370394
8370395
8370396
8370397
8370399
8370401
8370400
8370398
8370403
8370402
8370404
8370406
8370405
8370408
8370407
8370409
8370410
8370411
8370413
8370412
8370416
8370414
8370415
8370417
8370418
8370419
8370420
8370422
8370421
8370426
8370424
8370423
8370425
8370427
8370428
8370429
8370431
8370430
8370432
8370433
8370434
8370435
8370436
8370438
8370437
8370439
8370441
8370440
8370442
8370443
8370444
8370446
8370448
8370449
8370447
8370450
8370451
8370445
8370452
8370453
8370455
8370454
8370456
8370457
8370459
8370461
8370458
8370460
8370463
8370462
8370465
8370467
8370464
8370466
8370468
8370469
8370470
8370472
8370473
8370471
8370474
8370475
8370477
8370476
8370478
8370479
8370482
8370480
8370481
8370483
8370485
8370484
8370487
8370486
8370488
8370489
8370492
8370491
8370493
8370495
8370494
8370496
8370497
8370498
8370500
8370499
8370501
8370502
8370503
8370504
8621234
8601447A
8601448A
8621250
8621251
8621252
8621253
8101060
8101061
8101062
8101064
8101063
8101065
8101066
8101067
8101068
8101069
8101070
8101071
8101072
8101073
8101074
8101075
8101076
8101079
8101080
8101077
8101081
8101078
8101082
8101083
8101084
8601447B
8601448B
8701908
8601492
8601491
8101089
8101090
8101091
8101092
8101093
8350123
8350125
8350124
8350126
8101094
13131313
8410080
8620360
8620364
8620365
8620362
8620361
8620358
8620359
8370490
8410078
8620363
8701878
8701879
8701881
8621254
8701880
8400080
8620367
8620366
8620369
8620368
8620374
8620370
8620373
8620372
8620371
8620375
8701902
8601489
8701900
8701904
8701901
8601490
8701903
8701905
8200009
8701909
8701910
8701911
8701913
8701914
8701912
8701915
8701917
8601498
8701916
8701918
8601499
8601500
8601501
8701923
8701922
8701924
8701925
8601506
8800241
8601507
8701932
8701930
8701934
8701933
8701931
8701936
8620405
8601508
8701935
8620406
8620407
8620409
8620408
8330178
8330182
8330183
8330179
8330180
8330181
8330185
8330184
8330186
8330187
8330189
8330190
8330188
8330191
8330192
8330193
8330194
8330195
3600039
3600040
3600041
8310191
8221048
8221043
8221049
8221051
8221050
8221052
8300025
8300026
8410082
8410081
8300027
8300028
8400078
8400077
8400079
8601494
8601495
8601493
8601496
8620395
8620394
8601497
8230071
8230072
8230074
8230073
8230076
8230077
8230075
8230078
8230079
8230081
8230080
8230082
8101086
8101085
8101087
8101088
8620396
8620397
8620399
8620398
8620402
8701926
8701927
8800238
8701928
8620403
8701929
8800237
8800239
8800240
8601503
8601502
8620404
8601504
8621258
8621259
8621260
8621261
8601510
8601511
8601512
8601513
8601515
8601514
8440382
8701940
8800242
8701942
8310299
8620410
8620411
8620412
8620414
8620415
8620413
8620416
8620418
8620417
8620422
8620419
8620420
8620423
8620421
8620425
8620424
8620426
8620427
8620428
8620429
8620430
8370512
8350127
8370511
97300150A
8370513
8370514
8370515
8370516
8330217
3400017
8330218
8330219
8330220
3700108
3700109
3600043
3600046
3700118
3600044
3700119
3400082
3400091
3400090
3700137
3400089
3400124
3400092
3400126
3400125
3400136
3600062
3400127
3700147
3700144
3700148
3700145
3400137
3400138
3800007
3400140
3800008
3700149
3400141
3400148
3700150
3700153
3400150
3700155
3700154
3600066
3600067
3700164
3600070
3600071
3800011
3700166
3800010
3700173
3600077
3700174
3600085
3600079
3600078
3600086
3500007
3700175
3500008
3700114A
3700117A
3700116A
3700115A
3400161
3400083
3500000
3500001
3700136
3400084
3400081
3400099
3400098
3400101
3400100
3400103
3700151
3400145
3400102
3400144
3400146
3300000
3700160
3300001
3300003
3300002
3700161
3300004
3300005
3200004
3200003
3400153
3700162
3400154
3600072
3400155
3600073
3700163
3400159
3400158
3400157
3600074
3600076
3600075
3400160
3700168
3700167
3700169
3700172
3700171
3700170
3300010
3300012
3300011
3300014
3300015
3300016
3300013
3300018
3300019
3300017
3300020
3300022
3300023
3300024
3300025
3300021
3300028
3300027
3300026
JG320000
JG360000
JG310000
JG330000
JG340000
JG350000
JG370000
JG380000
JG390000
JG400000